function [rEnd, vEnd] = solarSystemEndData
%SOLARSYSTEMENDDATA contains JPL Ephemeris data from 2050-02-01

%Positions
rEnd = [8.070326708653934E-04, -3.363397116773725E-03, 1.397498163547860E-05;...
    -2.069461319083926E-01, 2.487484387862062E-01, 3.966703937872647E-02;...
    1.622343020489210E-01, -7.126010898386085E-01,-1.908757272700243E-02;...
    -1.879947894882198E-01, 9.616710849921449E-01, -9.493191927118634E-05;...
    -1.537509533202863E+00, -5.190404050124852E-01, 2.684223363003112E-02;...
    -2.397054070277628E+00, 4.657608516553420E+00, 3.414500612414080E-02;...
    4.771626255359481E+00, -8.774430775736160E+00, -3.809277406082244E-02;...
    -1.782333913476565E+01, 4.064091762771285E+00, 2.458602586333302E-01;...
    1.739643277788505E+01, 2.419627088037746E+01, -8.992065788163306E-01;...
    3.746694965766024E+01, -1.511939995092206E+01, -9.219754623380418E+00];

%Velocities
vEnd = [5.363878319061381E-06, 2.291028827497389E-06, -9.065446236335500E-08;...
    -2.739860613234836E-02, -1.678175997261216E-02, 1.139492982881459E-03;...
    1.959091505276673E-02, 4.421779850002801E-03, -1.068771246088551E-03;...
    -1.715505327058804E-02, -3.372002153086044E-03, 1.027154047633500E-06;...
    4.973790648609973E-03, -1.206749141278341E-02, -3.746981887127878E-04;...
    -6.806910674031838E-03, -3.102954545377314E-03, 1.653003556813872E-04;...
    4.597710381689640E-03, 2.654383212145730E-03, -2.291182894567688E-04;...
    -9.038356597559855E-04, -4.019465338196062E-03, -3.110881719237600E-06;...
    -2.566954194548928E-03, 1.852309557238384E-03, 2.063970171318915E-05;...
    1.390152190187799E-03, 2.101995426100153E-03, -6.215878512022300E-04];


rEnd = rEnd';
vEnd = vEnd';
end