function [r0, v0, m] = solarSystemData
%SOLARSYSTEMDATA contains JPL Ephemeris data from 1850-02-01

%Positions
r0 = [1.593370443136885E-04, -1.561900722784687E-03, 3.486356091020661E-05;...
    2.732419372132667E-01, -3.197695298410290E-01, -5.106705985862604E-02;...
    -2.577881486149224E-01, -6.797377548042481E-01, 5.967665632019784E-03;...
    -2.278639033213516E-01, 9.548709176887065E-01, 3.540985587618370E-04;...
    -1.542341680120240E-01, 1.575345410200273E+00, 3.683316971150633E-02;...
    -5.238813058397791E+00, 1.382350386384332E+00, 1.121056883614873E-01;...
    9.294616384821197E+00,  1.623432553346695E+00, -3.969001347267410E-01;...
    1.770032869852833E+01, 9.096704907969611E+00, -1.963314172953504E-01;...
    2.744182840870824E+01, -1.205736042577038E+01, -3.838807513379328E-01;...
    1.028297824370879E+01, 4.515381254890104E+01, -7.809142461771764E+00];

%Velocities
v0 = [2.307184513470149E-06, 4.798302328850202E-06, -5.072166217941606E-08;...
    1.576541481407109E-02, 1.970465794588887E-02, 1.524472816900997E-04;...
    1.876784131460930E-02, -7.275003270757046E-03, -1.181929656088850E-03;...
    -1.701034000599673E-02, -4.040990174321572E-03, -2.596543408502675E-06;...
    -1.337899406342878E-02, -1.788072763313756E-04, 3.293125685490552E-04;...
    -2.011614922592478E-03, -6.945715475510945E-03, 7.314907409034980E-05;...
    -1.270065296406634E-03, 5.480675344691500E-03, -4.712524433817168E-05;...
    -1.827739642899103E-03, 3.315082309868473E-03, 3.624938139862573E-05;...
    1.242323603579986E-03, 2.891842759728837E-03, -8.834283448905745E-05;...
    -2.158559665787547E-03, 2.215587854464428E-04, 6.025477784931732E-04];

%Masses
m = [1988500; 3.302/10; 48.685/10; 5.97219; 6.4171/10; 1898.13;...
    5.6834*100; 86.813; 1.024*100; 1.307/100];

m = (m*10^24)';
r0 = r0';
v0 = v0';
end